O44   2455565.342257   13  3  23.9811  -4  6  49.698
O44   2455565.344884   13  3  24.0052  -4  6  49.832
O44   2455565.346331   13  3  24.0172  -4  6  49.870
O44   2455565.347049   13  3  24.0239  -4  6  49.906
O44   2455565.347766   13  3  24.0307  -4  6  49.926
O44   2455565.348484   13  3  24.0364  -4  6  49.955
O44   2455565.349201   13  3  24.0433  -4  6  49.979
O44   2455565.349907   13  3  24.0511  -4  6  50.021
O44   2455565.350625   13  3  24.0549  -4  6  50.038
O44   2455565.351331   13  3  24.0609  -4  6  50.058
O44   2455565.352049   13  3  24.0680  -4  6  50.105
O44   2455565.352755   13  3  24.0743  -4  6  50.135
O44   2455565.387072   13  3  24.3804  -4  6  51.500
O44   2455565.388403   13  3  24.3917  -4  6  51.561
O44   2455565.390972   13  3  24.4138  -4  6  51.686
O44   2455565.391690   13  3  24.4212  -4  6  51.704
O44   2455565.392407   13  3  24.4279  -4  6  51.717
O44   2455565.393125   13  3  24.4337  -4  6  51.754
O44   2455565.393843   13  3  24.4403  -4  6  51.774
O44   2455565.394549   13  3  24.4466  -4  6  51.805
O44   2455565.395266   13  3  24.4538  -4  6  51.842
O44   2455565.395984   13  3  24.4599  -4  6  51.883
O44   2455565.396701   13  3  24.4651  -4  6  51.911
O44   2455565.397419   13  3  24.4729  -4  6  51.931
O44   2455976.293403   13 52   0.3844  -8 38  48.468
O44   2455976.294259   13 52   0.3813  -8 38  48.437
O44   2455976.295127   13 52   0.3747  -8 38  48.426
O44   2455976.295984   13 52   0.3722  -8 38  48.363
O44   2455976.296852   13 52   0.3655  -8 38  48.305
O44   2455976.297708   13 52   0.3605  -8 38  48.282
O44   2455976.298565   13 52   0.3578  -8 38  48.258
O44   2455976.299433   13 52   0.3524  -8 38  48.205
O44   2455976.300289   13 52   0.3464  -8 38  48.178
O44   2455976.301146   13 52   0.3424  -8 38  48.130
O44   2455976.302014   13 52   0.3370  -8 38  48.081
O44   2455976.302882   13 52   0.3325  -8 38  48.036
O44   2455976.303738   13 52   0.3270  -8 38  47.992
O44   2455976.304595   13 52   0.3226  -8 38  47.959
O44   2455976.305463   13 52   0.3172  -8 38  47.937
O44   2455976.306319   13 52   0.3132  -8 38  47.877
O44   2455976.307187   13 52   0.3084  -8 38  47.849
O44   2455976.308044   13 52   0.3024  -8 38  47.828
O44   2455976.308912   13 52   0.2999  -8 38  47.765
O44   2455976.309769   13 52   0.2936  -8 38  47.720
O44   2455976.310637   13 52   0.2886  -8 38  47.697
O44   2455976.311493   13 52   0.2832  -8 38  47.661
O44   2455976.312361   13 52   0.2789  -8 38  47.596
O44   2455976.313218   13 52   0.2733  -8 38  47.576
O44   2455976.314074   13 52   0.2691  -8 38  47.521
O44   2455976.314942   13 52   0.2636  -8 38  47.507
O44   2455976.315799   13 52   0.2592  -8 38  47.458
O44   2455976.316667   13 52   0.2531  -8 38  47.404
O44   2455976.317523   13 52   0.2494  -8 38  47.370
O44   2455976.318380   13 52   0.2435  -8 38  47.339
O44   2455976.319248   13 52   0.2400  -8 38  47.260
O44   2455976.407859   13 51  59.7270  -8 38  43.151
O44   2455976.409155   13 51  59.7190  -8 38  43.099
O44   2455976.410023   13 51  59.7145  -8 38  43.053
O44   2455976.410880   13 51  59.7099  -8 38  43.022
O44   2455976.411748   13 51  59.7039  -8 38  42.964
O44   2455976.412604   13 51  59.6999  -8 38  42.925
O44   2455976.413472   13 51  59.6949  -8 38  42.886
O44   2455976.414340   13 51  59.6893  -8 38  42.831
O44   2455976.415197   13 51  59.6849  -8 38  42.802
O44   2455976.416065   13 51  59.6792  -8 38  42.775
O44   2455976.416921   13 51  59.6744  -8 38  42.724
O44   2455976.417778   13 51  59.6697  -8 38  42.678
O44   2455976.418646   13 51  59.6639  -8 38  42.642
O44   2455976.419502   13 51  59.6599  -8 38  42.602
O44   2455976.420370   13 51  59.6546  -8 38  42.556
O44   2455976.421238   13 51  59.6498  -8 38  42.524
O44   2455976.422095   13 51  59.6438  -8 38  42.485
O44   2455976.422963   13 51  59.6398  -8 38  42.433
O44   2455976.423819   13 51  59.6347  -8 38  42.402
O44   2455976.424688   13 51  59.6287  -8 38  42.356
O44   2455976.425556   13 51  59.6242  -8 38  42.303
O44   2455976.426412   13 51  59.6190  -8 38  42.270
O44   2455976.427269   13 51  59.6139  -8 38  42.242
O44   2455976.428148   13 51  59.6088  -8 38  42.177
O44   2455976.429005   13 51  59.6044  -8 38  42.154
O44   2455976.429873   13 51  59.6002  -8 38  42.127
O44   2455976.430729   13 51  59.5935  -8 38  42.069
O44   2455976.431597   13 51  59.5893  -8 38  42.038
O44   2455976.432454   13 51  59.5845  -8 38  41.991
O44   2455976.433322   13 51  59.5792  -8 38  41.958
O44   2455976.434178   13 51  59.5729  -8 38  41.918
O44   2455976.435046   13 51  59.5684  -8 38  41.874
O44   2455976.435903   13 51  59.5644  -8 38  41.827
O44   2455976.436771   13 51  59.5580  -8 38  41.791
O44   2455976.437627   13 51  59.5534  -8 38  41.759
O44   2455976.438495   13 51  59.5486  -8 38  41.701
O44   2455976.439352   13 51  59.5429  -8 38  41.659
O44   2455976.440208   13 51  59.5384  -8 38  41.619
O44   2455976.441076   13 51  59.5329  -8 38  41.574
O44   2455976.441933   13 51  59.5283  -8 38  41.528
O44   2455976.442801   13 51  59.5232  -8 38  41.498
O44   2455976.443669   13 51  59.5179  -8 38  41.462
O44   2455976.444525   13 51  59.5129  -8 38  41.409
O44   2455976.445394   13 51  59.5075  -8 38  41.382
O44   2455976.446250   13 51  59.5038  -8 38  41.313
O44   2455976.447118   13 51  59.4980  -8 38  41.302
O44   2455976.447986   13 51  59.4923  -8 38  41.254
O44   2455976.448854   13 51  59.4876  -8 38  41.192
O44   2455976.449711   13 51  59.4820  -8 38  41.160
O44   2455976.450579   13 51  59.4780  -8 38  41.128
O44   2455976.451435   13 51  59.4733  -8 38  41.103
O44   2455976.452303   13 51  59.4682  -8 38  41.030
O44   2455976.453160   13 51  59.4621  -8 38  40.995
O44   2455976.454028   13 51  59.4583  -8 38  40.953
O44   2455976.454884   13 51  59.4526  -8 38  40.911
O44   2455976.455752   13 51  59.4483  -8 38  40.852
O44   2455976.456609   13 51  59.4424  -8 38  40.834
O44   2455976.457477   13 51  59.4385  -8 38  40.787
O44   2455976.458333   13 51  59.4330  -8 38  40.753
O44   2455976.459201   13 51  59.4273  -8 38  40.731
O44   2455976.460058   13 51  59.4215  -8 38  40.693
O44   2455976.460926   13 51  59.4166  -8 38  40.641
O44   2455976.461782   13 51  59.4122  -8 38  40.586
O44   2455976.462650   13 51  59.4074  -8 38  40.546
O44   2455976.463507   13 51  59.4021  -8 38  40.505
O44   2455976.464375   13 51  59.3973  -8 38  40.477
O44   2455976.465231   13 51  59.3916  -8 38  40.433
O44   2455976.466100   13 51  59.3861  -8 38  40.391
O44   2455977.319062   13 51  54.6287  -8 37  59.137
O44   2455977.320266   13 51  54.6204  -8 37  59.057
O44   2455977.320787   13 51  54.6177  -8 37  59.066
O44   2455977.321308   13 51  54.6155  -8 37  59.035
O44   2455977.321817   13 51  54.6124  -8 37  59.002
O44   2455977.322338   13 51  54.6079  -8 37  58.984
O44   2455977.322859   13 51  54.6055  -8 37  58.903
O44   2455977.323368   13 51  54.6022  -8 37  58.838
O44   2455977.323889   13 51  54.5987  -8 37  58.912
O44   2455977.324410   13 51  54.5947  -8 37  58.830
O44   2455977.324919   13 51  54.5937  -8 37  58.857
O44   2455977.325440   13 51  54.5888  -8 37  58.853
O44   2455977.325949   13 51  54.5854  -8 37  58.731
O44   2455977.326470   13 51  54.5842  -8 37  58.721
O44   2455977.326991   13 51  54.5785  -8 37  58.699
O44   2455977.327500   13 51  54.5753  -8 37  58.729
O44   2455977.328021   13 51  54.5734  -8 37  58.678
O44   2455977.328542   13 51  54.5726  -8 37  58.684
O44   2455977.329051   13 51  54.5691  -8 37  58.645
O44   2455977.329572   13 51  54.5646  -8 37  58.598
O44   2455977.330081   13 51  54.5603  -8 37  58.561
O44   2455977.330602   13 51  54.5582  -8 37  58.554
O44   2455977.331123   13 51  54.5557  -8 37  58.465
O44   2455977.331632   13 51  54.5508  -8 37  58.499
O44   2455977.332153   13 51  54.5481  -8 37  58.522
O44   2455977.332674   13 51  54.5454  -8 37  58.427
O44   2455977.333183   13 51  54.5402  -8 37  58.405
O44   2455977.333704   13 51  54.5383  -8 37  58.429
O44   2455977.334225   13 51  54.5356  -8 37  58.390
O44   2455977.334734   13 51  54.5312  -8 37  58.335
O44   2455977.335255   13 51  54.5295  -8 37  58.341
O44   2455977.335764   13 51  54.5258  -8 37  58.309
O44   2455977.336285   13 51  54.5249  -8 37  58.261
O44   2455977.336806   13 51  54.5207  -8 37  58.254
O44   2455977.337315   13 51  54.5162  -8 37  58.210
O44   2455977.337836   13 51  54.5144  -8 37  58.233
O44   2455977.338356   13 51  54.5112  -8 37  58.205
O44   2455977.338866   13 51  54.5076  -8 37  58.150
O44   2455977.339387   13 51  54.5060  -8 37  58.133
O44   2455977.339896   13 51  54.5020  -8 37  58.120
O44   2455977.340417   13 51  54.4993  -8 37  58.046
O44   2455977.340937   13 51  54.4937  -8 37  58.034
O44   2455977.341447   13 51  54.4908  -8 37  58.007
O44   2455977.341968   13 51  54.4890  -8 37  58.038
O44   2455977.342488   13 51  54.4854  -8 37  58.011
O44   2455977.342998   13 51  54.4816  -8 37  57.971
O44   2455977.343519   13 51  54.4784  -8 37  57.916
O44   2455977.344028   13 51  54.4762  -8 37  57.900
O44   2455977.344549   13 51  54.4722  -8 37  57.862
O44   2455977.345069   13 51  54.4682  -8 37  57.849
O44   2455977.345579   13 51  54.4659  -8 37  57.823
O44   2455977.346100   13 51  54.4619  -8 37  57.831
O44   2455977.346991   13 51  54.4556  -8 37  57.765
O44   2455977.347859   13 51  54.4525  -8 37  57.700
O44   2455977.348368   13 51  54.4481  -8 37  57.743
O44   2455977.348889   13 51  54.4463  -8 37  57.705
O44   2455977.349410   13 51  54.4427  -8 37  57.603
O44   2455977.349919   13 51  54.4402  -8 37  57.643
O44   2455977.350440   13 51  54.4359  -8 37  57.565
O44   2455977.350961   13 51  54.4330  -8 37  57.576
O44   2455977.351470   13 51  54.4308  -8 37  57.499
O44   2455977.351991   13 51  54.4263  -8 37  57.551
O44   2455977.352500   13 51  54.4232  -8 37  57.512
O44   2455977.353021   13 51  54.4219  -8 37  57.486
O44   2455977.354444   13 51  54.4127  -8 37  57.443
O44   2455977.355035   13 51  54.4068  -8 37  57.387
O44   2455977.355544   13 51  54.4057  -8 37  57.337
O44   2455977.356065   13 51  54.4015  -8 37  57.315
O44   2455977.356586   13 51  54.3982  -8 37  57.274
O44   2455977.357095   13 51  54.3956  -8 37  57.299
O44   2455977.357616   13 51  54.3914  -8 37  57.236
O44   2455977.358137   13 51  54.3897  -8 37  57.240
O44   2455977.358646   13 51  54.3859  -8 37  57.169
O44   2455977.359155   13 51  54.3822  -8 37  57.167
O44   2455977.359676   13 51  54.3794  -8 37  57.098
O44   2455977.360185   13 51  54.3761  -8 37  57.159
O44   2455977.360694   13 51  54.3721  -8 37  57.070
O44   2455977.380243   13 51  54.2529  -8 37  56.108
O44   2455977.381123   13 51  54.2469  -8 37  56.022
O44   2455977.387639   13 51  54.2070  -8 37  55.820
O44   2455977.392025   13 51  54.1811  -8 37  55.572
O44   2455977.395845   13 51  54.1555  -8 37  55.378
O44   2455977.400486   13 51  54.1290  -8 37  55.165
O44   2455977.404190   13 51  54.1044  -8 37  54.953
O44   2455977.407176   13 51  54.0867  -8 37  54.805
O44   2456328.376634   14 40  26.2950 -13  3  41.488
O44   2456328.377759   14 40  26.3045 -13  3  41.530
O44   2456328.381273   14 40  26.3261 -13  3  41.592
O44   2456328.384464   14 40  26.3472 -13  3  41.663
O44   2456328.385377   14 40  26.3496 -13  3  41.668
O44   2456328.385778   14 40  26.3544 -13  3  41.669
O44   2456328.386178   14 40  26.3570 -13  3  41.678
O44   2456328.386580   14 40  26.3596 -13  3  41.684
O44   2456328.386980   14 40  26.3635 -13  3  41.707
O44   2456328.387631   14 40  26.3667 -13  3  41.751
O44   2456328.388031   14 40  26.3682 -13  3  41.732
O44   2456328.388432   14 40  26.3732 -13  3  41.731
O44   2456328.388832   14 40  26.3762 -13  3  41.741
O44   2456328.389234   14 40  26.3763 -13  3  41.752
O44   2456328.389634   14 40  26.3807 -13  3  41.753
O44   2456328.390035   14 40  26.3847 -13  3  41.774
O44   2456328.390441   14 40  26.3849 -13  3  41.771
O44   2456328.390843   14 40  26.3875 -13  3  41.752
O44   2456328.391243   14 40  26.3865 -13  3  41.760
O44   2456328.391726   14 40  26.3948 -13  3  41.787
O44   2456329.389655   14 40  32.8109 -13  3  56.495
O44   2456329.390809   14 40  32.8169 -13  3  56.513
O44   2456329.394150   14 40  32.8358 -13  3  56.532
O44   2456329.396794   14 40  32.8489 -13  3  56.585
O44   2456329.397313   14 40  32.8528 -13  3  56.561
O44   2456329.397829   14 40  32.8587 -13  3  56.617
O44   2456329.398345   14 40  32.8588 -13  3  56.617
O44   2456329.398861   14 40  32.8650 -13  3  56.652
O44   2456329.399425   14 40  32.8650 -13  3  56.653
O44   2456329.400459   14 40  32.8741 -13  3  56.666
O44   2456329.400976   14 40  32.8769 -13  3  56.671
O44   2456329.401492   14 40  32.8786 -13  3  56.702
O44   2456329.402041   14 40  32.8822 -13  3  56.689
O44   2456329.402558   14 40  32.8876 -13  3  56.722
O44   2456329.403074   14 40  32.8911 -13  3  56.702
O44   2456329.403591   14 40  32.8925 -13  3  56.687
O44   2456329.404109   14 40  32.8942 -13  3  56.689
O44   2456329.404752   14 40  32.9007 -13  3  56.717
O44   2456329.405847   14 40  32.9067 -13  3  56.731
O44   2456330.403101   14 40  38.8933 -13  4   9.382
O44   2456330.404593   14 40  38.9026 -13  4   9.374
O44   2456330.405344   14 40  38.9077 -13  4   9.425
O44   2456330.406633   14 40  38.9155 -13  4   9.415
O44   2456330.407168   14 40  38.9173 -13  4   9.405
O44   2456330.407701   14 40  38.9185 -13  4   9.380
O44   2456330.408235   14 40  38.9227 -13  4   9.402
O44   2456330.408775   14 40  38.9254 -13  4   9.410
O44   2456330.409308   14 40  38.9250 -13  4   9.394
O44   2456330.409847   14 40  38.9302 -13  4   9.399
O44   2456330.410377   14 40  38.9357 -13  4   9.446
O44   2456330.410914   14 40  38.9367 -13  4   9.453
O44   2456330.411448   14 40  38.9398 -13  4   9.522
O44   2456330.413110   14 40  38.9482 -13  4   9.518
O44   2456330.414183   14 40  38.9567 -13  4   9.471
O44   2456330.416341   14 40  38.9676 -13  4   9.542
O44   2456330.416876   14 40  38.9669 -13  4   9.514
O44   2456330.420662   14 40  38.9882 -13  4   9.605
O44   2456330.422278   14 40  39.0004 -13  4   9.618
O44   2456330.423595   14 40  39.0078 -13  4   9.672
O44   2456331.405846   14 40  44.4867 -13  4  20.113
O44   2456331.406545   14 40  44.4951 -13  4  20.097
O44   2456331.407115   14 40  44.4978 -13  4  20.076
O44   2456331.407736   14 40  44.4998 -13  4  20.147
O44   2456331.408285   14 40  44.5036 -13  4  20.109
O44   2456331.408884   14 40  44.5039 -13  4  20.149
O44   2456331.409400   14 40  44.5057 -13  4  20.116
O44   2456331.409917   14 40  44.5092 -13  4  20.101
O44   2456331.410429   14 40  44.5152 -13  4  20.136
O44   2456331.410943   14 40  44.5146 -13  4  20.135
O44   2456331.411517   14 40  44.5214 -13  4  20.179
O44   2456331.412552   14 40  44.5262 -13  4  20.189
O44   2456331.413068   14 40  44.5274 -13  4  20.155
O44   2456331.414134   14 40  44.5293 -13  4  20.160
O44   2456331.415168   14 40  44.5361 -13  4  20.165
O44   2456773.343134   15 17  44.6278 -15 40  58.940
O44   2456773.344068   15 17  44.6077 -15 40  58.905
O44   2456773.344948   15 17  44.5913 -15 40  58.795
O44   2456773.345764   15 17  44.5824 -15 40  58.811
O44   2456773.346712   15 17  44.5655 -15 40  58.764
O44   2456773.347225   15 17  44.5620 -15 40  58.634
O44   2456773.347741   15 17  44.5506 -15 40  58.707
O44   2456773.348253   15 17  44.5388 -15 40  58.659
O44   2456773.348774   15 17  44.5330 -15 40  58.715
O44   2456773.349488   15 17  44.5221 -15 40  58.505
O44   2456773.350006   15 17  44.5136 -15 40  58.588
O44   2456773.350519   15 17  44.5073 -15 40  58.492
O44   2456773.351035   15 17  44.4937 -15 40  58.469
O44   2456773.351549   15 17  44.4884 -15 40  58.494
O44   2456773.352252   15 17  44.4784 -15 40  58.368
O44   2456773.352770   15 17  44.4650 -15 40  58.434
O44   2456773.353284   15 17  44.4598 -15 40  58.327
O44   2456773.353800   15 17  44.4497 -15 40  58.288
O44   2456773.354313   15 17  44.4461 -15 40  58.290
O44   2456773.354957   15 17  44.4342 -15 40  58.279
O44   2456773.355478   15 17  44.4231 -15 40  58.234
O44   2456773.356000   15 17  44.4195 -15 40  58.112
O44   2456773.356514   15 17  44.4045 -15 40  58.133
O44   2456773.357030   15 17  44.3932 -15 40  58.086
O44   2456774.211465   15 17  30.8341 -15 40   4.915
O44   2456774.213203   15 17  30.8024 -15 40   4.829
O44   2456774.214182   15 17  30.7882 -15 40   4.801
O44   2456774.214583   15 17  30.7816 -15 40   4.755
O44   2456774.214984   15 17  30.7737 -15 40   4.712
O44   2456774.215385   15 17  30.7683 -15 40   4.704
O44   2456774.215787   15 17  30.7616 -15 40   4.667
O44   2456774.216387   15 17  30.7548 -15 40   4.644
O44   2456774.216788   15 17  30.7475 -15 40   4.640
O44   2456774.217190   15 17  30.7390 -15 40   4.539
O44   2456774.217591   15 17  30.7338 -15 40   4.560
O44   2456774.217993   15 17  30.7250 -15 40   4.513
O44   2456774.218442   15 17  30.7179 -15 40   4.491
O44   2456774.218844   15 17  30.7120 -15 40   4.490
O44   2456774.219245   15 17  30.7051 -15 40   4.453
O44   2456774.219642   15 17  30.6971 -15 40   4.455
O44   2456774.220041   15 17  30.6925 -15 40   4.449
O44   2456774.220557   15 17  30.6838 -15 40   4.378
O44   2456774.220957   15 17  30.6785 -15 40   4.352
O44   2456774.221359   15 17  30.6707 -15 40   4.344
O44   2456774.221759   15 17  30.6637 -15 40   4.298
O44   2456774.222161   15 17  30.6576 -15 40   4.289
O44   2456774.251196   15 17  30.1828 -15 40   2.498
O44   2456774.251919   15 17  30.1725 -15 40   2.476
O44   2456774.252583   15 17  30.1608 -15 40   2.403
O44   2456774.252981   15 17  30.1543 -15 40   2.380
O44   2456774.253380   15 17  30.1487 -15 40   2.366
O44   2456774.253777   15 17  30.1419 -15 40   2.368
O44   2456774.254175   15 17  30.1357 -15 40   2.315
O44   2456774.254734   15 17  30.1237 -15 40   2.308
O44   2456774.255131   15 17  30.1174 -15 40   2.271
O44   2456774.255529   15 17  30.1116 -15 40   2.213
O44   2456774.255927   15 17  30.1029 -15 40   2.201
O44   2456774.256325   15 17  30.0989 -15 40   2.173
O44   2456774.256843   15 17  30.0905 -15 40   2.155
O44   2456774.257241   15 17  30.0826 -15 40   2.157
O44   2456774.257639   15 17  30.0790 -15 40   2.113
O44   2456774.258037   15 17  30.0705 -15 40   2.083
O44   2456774.258437   15 17  30.0657 -15 40   2.020
O44   2456774.258882   15 17  30.0562 -15 40   2.027
286   2460091.376192   22 38  20.3796 -10 16  13.124
286   2460091.378148   22 38  20.3927 -10 16  13.033
286   2460091.379653   22 38  20.3970 -10 16  13.035
286   2460091.382072   22 38  20.4252 -10 16  12.927
286   2460091.383924   22 38  20.4373 -10 16  12.979
286   2460091.386597   22 38  20.4500 -10 16  12.807
286   2460092.375590   22 38  27.9450 -10 15  43.278
286   2460092.378218   22 38  27.9637 -10 15  43.176
286   2460092.383032   22 38  28.0003 -10 15  42.909
286   2460581.124873   23  9   7.7264  -7 52   2.457
286   2460581.127303   23  9   7.6871  -7 52   2.634
286   2460581.129745   23  9   7.6482  -7 52   2.889
286   2460581.132176   23  9   7.6168  -7 52   3.155
286   2460581.134664   23  9   7.5728  -7 52   3.465
286   2460581.137118   23  9   7.5302  -7 52   3.633
286   2460581.139549   23  9   7.4940  -7 52   3.885
286   2460581.141991   23  9   7.4563  -7 52   4.074
286   2460581.144421   23  9   7.4196  -7 52   4.366
286   2460581.150671   23  9   7.3128  -7 52   4.977
286   2460581.153102   23  9   7.2765  -7 52   5.210
286   2460581.155544   23  9   7.2312  -7 52   5.446
286   2460581.157975   23  9   7.1923  -7 52   5.697